Informar nome arquivo entrada : X=0	 Y=0	 Prioridade= 1
X=55	 Y=20	 Prioridade= 1
X=40	 Y=50	 Prioridade= 6
X=10	 Y=80	 Prioridade= 5
X=75	 Y=160	 Prioridade= 4
X=150	 Y=170	 Prioridade= 2
X=250	 Y=150	 Prioridade= 7
X=220	 Y=100	 Prioridade= 8
X=135	 Y=105	 Prioridade= 10
X=170	 Y=40	 Prioridade= 9
X=240	 Y=35	 Prioridade= 3

 maxima prioridade = 10

 Matriz com distancias
	0	1	2	3	4	5	6	7	8	9	10	min	max
0:	0	58	64	80	176	226	291	241	171	174	242	0	291
1:	58	0	33	75	141	177	234	183	116	116	185	0	234
2:	64	33	0	42	115	162	232	186	109	130	200	0	232
3:	80	75	42	0	103	166	250	210	127	164	234	0	250
4:	176	141	115	103	0	75	175	156	81	153	207	0	207
5:	226	177	162	166	75	0	101	98	66	131	162	0	226
6:	291	234	232	250	175	101	0	58	123	136	115	0	291
7:	241	183	186	210	156	98	58	0	85	78	68	0	241
8:	171	116	109	127	81	66	123	85	0	73	126	0	171
9:	174	116	130	164	153	131	136	78	73	0	70	0	174
10:	242	185	200	234	207	162	115	68	126	70	0	0	242

 Matriz com distancias normalizadas x maxima prioridade
	0	1	2	3	4	5	6	7	8	9	10	
0:	0.00	1.99	2.20	2.75	6.05	7.77	10.00	8.28	5.88	5.98	8.32	
1:	2.48	0.00	1.41	3.21	6.03	7.56	10.00	7.82	4.96	4.96	7.91	
2:	2.76	1.42	0.00	1.81	4.96	6.98	10.00	8.02	4.70	5.60	8.62	
3:	3.20	3.00	1.68	0.00	4.12	6.64	10.00	8.40	5.08	6.56	9.36	
4:	8.50	6.81	5.56	4.98	0.00	3.62	8.45	7.54	3.91	7.39	10.00	
5:	10.00	7.83	7.17	7.35	3.32	0.00	4.47	4.34	2.92	5.80	7.17	
6:	10.00	8.04	7.97	8.59	6.01	3.47	0.00	1.99	4.23	4.67	3.95	
7:	10.00	7.59	7.72	8.71	6.47	4.07	2.41	0.00	3.53	3.24	2.82	
8:	10.00	6.78	6.37	7.43	4.74	3.86	7.19	4.97	0.00	4.27	7.37	
9:	10.00	6.67	7.47	9.43	8.79	7.53	7.82	4.48	4.20	0.00	4.02	
10:	10.00	7.64	8.26	9.67	8.55	6.69	4.75	2.81	5.21	2.89	0.00	

 Matriz com indices Si prioridade do ponto / dist normalizada
	0	1	2	3	4	5	6	7	8	9	10	
0:	0.00	0.50	2.73	1.82	0.66	0.26	0.70	0.97	1.70	1.51	0.36	
1:	0.40	0.00	4.25	1.56	0.66	0.26	0.70	1.02	2.02	1.82	0.38	
2:	0.36	0.70	0.00	2.76	0.81	0.29	0.70	1.00	2.13	1.61	0.35	
3:	0.31	0.33	3.57	0.00	0.97	0.30	0.70	0.95	1.97	1.37	0.32	
4:	0.12	0.15	1.08	1.00	0.00	0.55	0.83	1.06	2.56	1.22	0.30	
5:	0.10	0.13	0.84	0.68	1.21	0.00	1.57	1.84	3.42	1.55	0.42	
6:	0.10	0.12	0.75	0.58	0.67	0.58	0.00	4.01	2.37	1.93	0.76	
7:	0.10	0.13	0.78	0.57	0.62	0.49	2.91	0.00	2.84	2.78	1.06	
8:	0.10	0.15	0.94	0.67	0.84	0.52	0.97	1.61	0.00	2.11	0.41	
9:	0.10	0.15	0.80	0.53	0.45	0.27	0.90	1.78	2.38	0.00	0.75	
10:	0.10	0.13	0.73	0.52	0.47	0.30	1.47	2.85	1.92	3.11	0.00	

Origem 	Destino    Distancia 	Distancia 	Distancia 	Distancia 	Status
 				Acumulada 	Retorno 	Total
   0	   2		 64	 664		 728		  1392		 <- ok
   2	   3		 42	 1306		 1386		  2692		 <- ok
   3	   8		 127	 2033		 2204		  4237		 <- ok
   8	   9		 73	 2706		 2880		  5586		 <- ok
   9	   7		 78	 3384		 3625		  7009		 <- ok
   7	   6		 58	 4042		 4333		  8375		 <- ok
   6	   10		 115	 4757		 4999		  9756
   10	   4		 207	 5564		 5740		  11304
   4	   5		 75	 6239		 6465		  12704
   5	   1		 177	 7016		 7074		  14090

 Caminho =  0 2 3 8 9 7 6